Confusion Matrix for FFTNet:
[[ 961    0    1    1    0    4    8    1    4    0]
 [   0 1108    2    4    0    2    5    3   11    0]
 [   7    1  965   11    8    4   12   12   11    1]
 [   1    1   11  943    0   19    3    9   21    2]
 [   2    0    4    0  933    0    7    5    5   26]
 [   6    0    0   11    2  842    9    6   13    3]
 [   5    3    1    0    8   10  922    3    6    0]
 [   1    5   13    6    5    2    0  974    9   13]
 [   3    0    2    9    6    7    3    9  929    6]
 [   4    5    0    5   21    8    1   20   12  933]]

Accuracy: 0.9509999752044678

Confusion Matrix for GridNet: 

[[ 963    1    2    0    0    2    5    4    1    2]
 [   0 1124    2    0    0    1    5    0    2    1]
 [   5    3 1005    0    1    0    2   12    4    0]
 [   0    1    7  977    1    3    0    5    6   10]
 [   0    0    2    0  965    0    3    2    0   10]
 [   2    0    0    3    1  876    2    1    4    3]
 [   3    2    1    0    4    6  942    0    0    0]
 [   0    7    4    0    5    1    0 1004    2    5]
 [   0    1    8    6    5    8    2    5  934    5]
 [   3    2    2    4   17    4    0    7    1  969]]

Accuracy: 0.9758999943733215

Confusion Matrix for Ordered GridNet / ComplexNet:

[[ 963    1    1    0    2    4    5    3    1    0]
 [   0 1091    5    0    3    1    4   28    1    2]
 [   2    3 1009    7    1    0    2    4    4    0]
 [   0    1    8  978    0    8    0    2    7    6]
 [   1    0    5    0  968    0    2    1    0    5]
 [   2    0    1    7    1  874    3    0    3    1]
 [   0    3    1    0   11    6  936    0    1    0]
 [   1    4    8    5   10    2    2  984    4    8]
 [   3    0    3    6    6   10    4    3  935    4]
 [   1    2    0    7   35    8    1    6    3  946]]

Accuracy: 0.9684000015258789

Confusion Matrix for Permuted GridNet:

[[ 961    0    1    1    1    7    7    2    0    0]
 [   0 1124    1    1    1    3    1    1    3    0]
 [   8    5  960   15    8    1   12    7   14    2]
 [   1    0    7  948    2   18    4    9   13    8]
 [   3    2    4    3  931    3    6    1    3   26]
 [   3    1    3   22    7  833    8    2   10    3]
 [   8    3    4    0   11   13  911    5    3    0]
 [   0    8   17    6    5    1    0  971    3   17]
 [   6    1   14   13    6   13    3    6  906    6]
 [   4    7    3    6   22   10    0   20    8  929]]

Accuracy: 0.9473999738693237

Rest are only needed for simulation of lossy fidelity. These are the principal models and advancements.
