Confusion Matrix for FFTNet:
[[ 961    0    1    1    0    4    8    1    4    0]
 [   0 1108    2    4    0    2    5    3   11    0]
 [   7    1  965   11    8    4   12   12   11    1]
 [   1    1   11  943    0   19    3    9   21    2]
 [   2    0    4    0  933    0    7    5    5   26]
 [   6    0    0   11    2  842    9    6   13    3]
 [   5    3    1    0    8   10  922    3    6    0]
 [   1    5   13    6    5    2    0  974    9   13]
 [   3    0    2    9    6    7    3    9  929    6]
 [   4    5    0    5   21    8    1   20   12  933]]

Accuracy: 0.9509999752044678

Confusion Matrix for GridNet: 

[[ 963    1    2    0    0    2    5    4    1    2]
 [   0 1124    2    0    0    1    5    0    2    1]
 [   5    3 1005    0    1    0    2   12    4    0]
 [   0    1    7  977    1    3    0    5    6   10]
 [   0    0    2    0  965    0    3    2    0   10]
 [   2    0    0    3    1  876    2    1    4    3]
 [   3    2    1    0    4    6  942    0    0    0]
 [   0    7    4    0    5    1    0 1004    2    5]
 [   0    1    8    6    5    8    2    5  934    5]
 [   3    2    2    4   17    4    0    7    1  969]]

Accuracy: 0.9758999943733215

Confusion Matrix for Ordered GridNet / ComplexNet:

[[ 972    0    2    2    0    0    2    1    1    0]
 [   0 1125    3    0    0    1    2    0    4    0]
 [   2    1 1008    4    1    1    2    5    7    1]
 [   0    0    6  986    0    7    0    3    4    4]
 [   1    0    2    1  963    0    4    2    0    9]
 [   4    0    1    7    1  867    5    1    2    4]
 [   3    3    0    0    2    5  941    1    3    0]
 [   1    2    5    5    2    0    0 1002    3    8]
 [   3    0    1    6    1    3    4    3  951    2]
 [   2    2    1    5    6    4    2    4    5  978]]

Accuracy: 0.9792999625205994

Confusion Matrix for Permuted GridNet:

[[ 961    0    1    1    1    7    7    2    0    0]
 [   0 1124    1    1    1    3    1    1    3    0]
 [   8    5  960   15    8    1   12    7   14    2]
 [   1    0    7  948    2   18    4    9   13    8]
 [   3    2    4    3  931    3    6    1    3   26]
 [   3    1    3   22    7  833    8    2   10    3]
 [   8    3    4    0   11   13  911    5    3    0]
 [   0    8   17    6    5    1    0  971    3   17]
 [   6    1   14   13    6   13    3    6  906    6]
 [   4    7    3    6   22   10    0   20    8  929]]

Accuracy: 0.9473999738693237

QONN(ComplexNet with sin(x) Activation Function):

[[ 972    0    2    0    0    1    2    1    2    0]
 [   0 1124    3    0    0    1    2    1    4    0]
 [   3    1 1007    1    1    0    3    8    7    1]
 [   0    0    6  987    0    5    0    5    3    4]
 [   2    0    2    1  959    0    3    1    2   12]
 [   2    0    0    5    1  876    2    1    1    4]
 [   5    2    1    0    4    4  939    1    2    0]
 [   2    1    6    1    0    1    0 1011    3    3]
 [   3    0    3    4    1    3    2    6  950    2]
 [   2    2    0    6   11    1    1   10    3  973]]

Accuracy: 0.9797999858856201

QONN(ComplexNet with sin(x^2) Activation Function):

[[ 967    0    2    0    0    2    5    1    3    0]
 [   0 1125    2    1    0    1    4    1    1    0]
 [   5    1 1000    4    4    0    5    5    6    2]
 [   0    0    8  970    0   14    1    6    6    5]
 [   2    1    2    0  958    0    8    1    1    9]
 [   4    1    0   14    3  857    7    0    4    2]
 [   4    2    4    0    5    6  935    0    2    0]
 [   0   10   13    6    4    0    0  982    2   11]
 [   5    0    7   10    3   11    5    2  927    4]
 [   2    3    2    8   10    6    1    9   11  957]]

Accuracy: 0.967799961566925

QONN(ComplexNet with sin^2(x) Activation Function):

[[ 947    0    6    3    1    6   12    0    1    4]
 [   0 1114    5    4    0    3    2    2    4    1]
 [  12    4  911   22    8    7   15   16   29    8]
 [   5    7   19  912    0   27    3   15   17    5]
 [   1    1    6    2  902    1   12    8    7   42]
 [   9    3    3   34    6  780   15    5   29    8]
 [  16    3   10    2   18   12  887    2    6    2]
 [   1   13   19    8    8    3    0  944    5   27]
 [  10    3    7   18    6   20   15   10  878    7]
 [  10    6    2    8   25    6    3   18   12  919]]

Accuracy: 0.9193999767303467
Rest are only needed for simulation of lossy fidelity. These are the principal models and advancements.
